50 50
0 0 0 0 0 113 516 0 0 0 865 999 226 0 695 203 451 0 0 0 0 0 0 0 803 169 137 132 0 0 820 0 309 0 0 0 0 0 0 57 0 0 0 0 0 348 0 0 0 0 
9 0 0 0 0 0 0 0 0 0 484 495 327 0 627 288 0 0 0 64 52 0 0 0 0 138 0 0 0 171 0 0 0 0 0 0 0 0 0 0 499 0 0 340 0 449 0 0 433 0 
0 0 0 0 109 384 801 352 0 0 621 612 0 692 0 0 0 0 0 0 0 881 0 0 0 0 0 0 0 516 883 940 0 0 0 547 0 0 0 0 0 559 0 0 255 0 0 0 0 0 
0 953 0 0 392 0 0 0 0 0 0 0 0 128 0 0 337 0 0 674 79 0 0 0 0 0 0 0 0 0 590 0 0 513 0 0 0 0 866 0 223 0 0 0 108 0 0 0 0 0 
0 282 0 0 0 0 0 894 0 0 0 0 0 0 955 0 0 0 0 0 0 0 0 0 346 0 0 185 0 0 425 0 469 456 0 0 0 0 850 167 646 297 281 184 26 0 0 0 0 981 
0 0 0 0 887 0 48 640 0 0 0 975 0 918 573 476 0 0 0 0 0 0 0 0 826 493 0 0 0 691 688 0 0 669 0 21 0 0 0 0 0 0 0 0 0 0 0 0 0 0 
0 0 0 808 0 0 0 308 0 0 0 366 0 0 0 0 238 0 0 0 0 0 0 0 0 0 707 0 0 0 0 0 845 0 838 0 0 0 0 0 0 482 0 0 0 0 195 58 0 221 
637 0 0 996 0 194 0 0 627 0 0 0 54 0 0 0 0 0 0 0 0 234 0 161 345 709 0 0 0 0 0 0 0 0 430 0 0 0 0 888 0 0 197 0 0 719 0 859 0 0 
0 0 410 648 0 0 339 0 0 0 99 0 0 0 0 383 0 969 0 0 0 0 0 0 0 115 0 82 0 0 0 0 0 904 448 54 0 0 192 56 0 633 0 0 813 0 727 218 333 0 
635 0 563 0 0 0 652 609 0 0 0 0 0 0 0 0 570 890 0 975 0 183 0 0 0 0 0 700 0 0 0 0 0 0 0 649 780 156 0 961 342 381 174 0 0 0 0 566 0 369 
0 0 0 44 183 25 0 593 0 912 0 754 742 0 0 29 0 495 0 0 0 0 0 0 793 0 557 0 0 0 710 0 0 0 477 0 0 417 40 0 5 46 0 705 0 0 733 0 0 0 
0 0 351 33 0 13 0 0 937 407 0 0 0 266 0 118 431 0 0 0 916 583 977 0 0 0 0 0 0 0 0 0 0 0 0 124 343 0 0 0 0 0 0 0 0 367 937 0 0 0 
0 0 744 0 133 0 0 0 104 0 0 44 0 0 0 0 578 0 0 0 0 762 0 0 376 0 0 0 989 0 0 0 39 0 0 0 0 64 529 0 553 424 0 0 0 613 0 579 0 0 
0 0 0 0 0 0 0 887 0 0 0 0 0 0 112 0 0 613 0 0 0 0 0 0 0 886 695 429 999 0 0 84 0 0 0 0 0 0 0 0 904 0 0 0 0 0 0 0 0 713 
911 150 0 278 0 0 5 0 631 0 0 0 0 0 0 717 680 0 0 0 0 0 548 0 0 0 829 295 0 0 0 0 0 0 420 0 0 0 0 78 428 0 0 771 0 0 0 0 0 0 
0 0 0 0 0 974 0 0 0 0 0 0 965 0 0 0 0 0 0 0 0 0 409 0 0 0 0 0 0 97 0 965 0 545 113 962 219 0 0 644 0 0 0 0 364 0 0 818 711 835 
753 0 0 0 518 0 0 883 653 0 0 0 0 0 0 0 0 0 0 0 0 0 44 0 0 491 0 517 0 0 0 0 0 0 0 225 306 0 40 0 103 230 0 0 0 0 0 0 0 730 
434 0 0 0 231 0 739 0 0 0 0 0 0 0 822 0 663 0 0 0 879 0 0 0 0 943 0 0 0 0 0 0 0 0 897 871 0 0 673 321 938 0 337 0 0 0 0 514 320 0 
0 824 0 0 11 0 620 0 0 121 0 0 213 0 0 801 0 863 0 0 0 0 812 0 0 0 0 732 0 169 0 969 0 288 868 857 352 215 868 0 0 0 33 0 0 662 0 0 0 640 
496 532 0 764 0 0 0 0 281 0 0 0 0 637 0 932 0 0 772 0 817 0 0 282 0 0 887 590 0 0 300 94 0 0 0 97 0 398 0 0 0 0 0 0 0 0 0 0 0 0 
926 0 228 0 394 0 367 153 0 0 0 178 281 217 0 0 701 0 488 0 0 0 215 0 692 438 720 551 0 0 173 0 0 0 556 0 0 0 229 881 0 318 0 991 0 0 0 0 58 0 
0 0 0 0 0 0 853 0 0 0 0 0 0 0 0 475 291 581 0 904 146 0 122 0 829 0 0 0 0 0 643 983 0 32 0 552 0 473 252 504 0 577 452 102 0 472 0 0 990 0 
0 0 0 0 0 0 0 0 0 0 715 615 0 430 34 0 887 780 0 247 0 622 0 0 0 0 0 272 0 0 725 0 0 0 0 0 0 0 89 0 0 40 546 0 17 608 0 0 546 0 
0 0 0 0 0 0 66 0 0 0 372 940 0 351 0 281 0 0 0 0 0 0 0 0 0 0 65 0 0 807 713 0 0 0 0 601 0 0 0 0 966 260 0 477 0 358 0 765 0 869 
0 0 0 0 0 0 0 841 912 0 0 0 663 567 0 0 0 0 388 0 692 2 0 832 0 449 0 0 0 709 177 232 0 0 0 0 0 0 202 0 309 908 0 596 0 0 0 0 0 0 
818 320 0 195 0 433 0 962 0 468 924 0 0 0 945 3 790 0 922 732 0 91 0 999 214 0 0 0 303 311 637 201 555 56 742 0 0 0 0 0 0 0 120 0 619 684 924 0 624 490 
429 89 0 0 542 55 0 0 0 0 0 0 0 0 0 0 924 559 0 19 0 0 984 0 0 0 0 0 0 0 0 0 0 955 0 530 0 610 0 0 0 0 0 583 0 441 197 11 882 0 
0 0 0 723 845 677 0 155 799 0 306 0 169 183 0 0 0 276 0 0 215 0 0 41 0 0 389 0 0 944 222 0 151 147 0 0 210 213 434 701 0 0 198 0 292 0 431 0 212 377 
272 393 116 0 151 0 891 0 911 0 161 0 899 890 863 122 0 0 916 0 0 0 0 0 0 0 0 0 0 381 0 618 0 0 0 0 546 0 0 0 0 0 93 0 0 0 0 0 680 0 
0 0 0 0 0 0 0 0 0 0 0 966 0 0 0 0 0 435 0 0 0 0 0 0 0 0 0 0 0 0 0 0 0 0 0 781 0 993 0 992 0 449 0 0 0 548 718 254 0 0 
0 0 0 0 0 0 458 0 0 683 295 0 0 0 0 0 0 0 0 650 0 0 0 588 0 373 0 577 0 159 0 0 0 0 0 0 0 879 833 317 0 0 0 0 0 920 0 0 0 0 
0 0 0 0 0 0 561 0 527 0 0 140 572 0 0 0 525 0 0 0 0 532 0 0 383 0 539 0 0 719 0 0 877 0 0 0 0 948 0 0 0 355 0 0 0 44 440 0 843 0 
0 0 452 556 0 0 0 0 0 171 0 0 0 0 0 109 0 747 0 136 0 0 0 0 186 0 0 243 0 0 0 0 0 0 879 0 0 535 0 0 677 0 0 0 0 0 0 0 0 0 
365 595 0 0 0 978 595 436 0 0 0 0 0 381 0 437 0 0 528 0 0 428 0 0 0 0 630 0 0 0 0 0 0 0 842 0 0 0 0 0 0 358 0 0 0 0 0 0 0 0 
0 344 0 0 725 0 0 892 0 0 855 0 0 593 0 0 0 0 618 0 0 0 0 488 0 0 0 0 0 0 161 50 0 49 0 0 0 961 230 0 0 0 271 711 0 0 0 0 0 0 
0 0 979 0 0 844 758 835 184 0 320 261 0 0 422 550 0 902 685 0 0 635 0 0 0 0 0 0 0 893 0 0 0 0 263 0 0 0 951 58 637 0 0 0 0 0 0 0 0 0 
0 902 0 888 0 674 0 0 0 0 0 0 31 0 0 0 0 0 0 0 819 0 0 0 0 0 0 146 42 0 0 0 0 0 103 836 0 0 0 524 844 0 0 400 0 0 724 983 0 582 
623 0 0 320 0 0 0 0 0 0 0 0 0 0 0 171 364 700 804 807 0 0 300 0 0 0 0 0 0 0 0 0 0 879 0 409 419 0 0 0 0 0 50 0 0 0 0 710 0 0 
217 0 0 0 0 0 0 0 0 65 343 0 0 0 0 699 0 0 0 0 342 315 0 728 0 0 0 0 0 0 869 0 937 579 0 0 0 119 0 0 87 0 0 0 0 108 386 0 0 0 
0 0 0 0 0 0 0 0 0 0 0 968 0 0 0 0 0 0 0 33 0 0 527 0 0 190 590 0 0 0 0 0 0 0 0 401 0 101 0 0 0 0 0 419 711 0 0 157 0 285 
499 0 433 0 0 0 341 0 0 0 0 0 153 0 0 0 0 0 483 0 0 949 0 0 0 0 0 0 0 677 870 0 0 0 0 964 71 695 0 0 0 0 0 0 0 0 0 0 0 0 
0 78 622 315 0 130 474 0 874 0 0 0 0 0 0 174 0 801 0 0 0 0 0 0 0 183 0 0 0 345 0 425 193 0 0 621 198 0 0 0 0 0 264 209 0 0 588 0 0 950 
0 0 265 0 0 0 0 0 0 0 0 629 0 0 0 944 863 0 0 520 855 635 0 0 0 0 0 0 0 0 0 966 0 920 0 0 0 0 876 740 0 0 0 0 943 0 0 806 931 983 
0 0 0 0 0 0 0 0 0 0 869 0 0 832 0 0 552 0 0 0 0 0 600 188 0 0 0 947 0 0 994 0 0 0 0 0 678 141 0 0 0 0 0 0 628 0 0 0 85 401 
0 0 0 123 567 395 792 254 0 745 59 411 144 0 0 0 0 0 0 0 0 0 540 644 0 149 0 956 445 0 0 0 0 0 0 784 486 0 0 0 0 0 0 0 0 0 0 587 0 0 
0 0 0 0 0 646 773 920 0 0 0 0 0 0 0 0 305 0 0 0 0 0 241 871 0 227 54 0 0 0 0 0 0 0 195 0 17 756 764 0 0 0 0 0 623 0 0 920 206 0 
311 0 0 976 0 178 279 0 519 226 635 0 535 193 0 0 0 0 0 658 0 0 0 0 0 506 0 0 77 0 362 0 0 923 0 0 0 211 0 57 888 0 0 0 0 0 0 680 0 381 
0 0 0 0 860 654 0 0 0 766 0 0 0 0 974 0 252 579 0 0 627 0 0 0 561 0 0 163 983 0 0 935 0 0 0 0 0 0 451 0 0 410 0 0 135 364 0 0 504 0 
737 121 0 0 0 0 54 0 0 0 0 0 0 440 0 0 780 0 0 623 544 0 0 678 498 0 0 0 245 0 759 279 0 301 0 817 841 0 0 0 0 0 0 401 0 0 0 311 0 0 
528 811 0 0 642 258 0 538 0 0 0 0 0 462 0 162 0 0 36 0 0 0 0 0 0 0 59 127 0 0 0 0 0 0 830 586 0 0 0 0 0 0 0 0 0 494 0 0 0 0 
