75 75
0 0 0 0 0 113 516 0 0 0 865 999 226 0 695 203 451 0 0 0 0 0 0 0 803 169 137 132 0 0 820 0 309 0 0 0 0 0 0 57 0 0 0 0 0 348 0 0 0 0 670 0 0 0 0 0 964 0 0 0 0 0 0 0 0 0 452 926 0 0 0 0 0 714 280 
9 0 0 0 0 0 0 0 0 0 484 495 327 0 627 288 0 0 0 64 52 0 0 0 0 138 0 0 0 171 0 0 0 0 0 0 0 0 0 0 499 0 0 340 0 449 0 0 433 0 0 0 0 0 0 789 0 0 297 0 0 179 0 143 0 0 0 29 0 0 0 0 463 0 852 
0 0 0 0 109 384 801 352 0 0 621 612 0 692 0 0 0 0 0 0 0 881 0 0 0 0 0 0 0 516 883 940 0 0 0 547 0 0 0 0 0 559 0 0 255 0 0 0 0 0 35 436 0 0 0 0 0 0 0 321 0 0 0 350 783 0 330 0 0 0 256 0 0 0 0 
0 953 0 0 392 0 0 0 0 0 0 0 0 128 0 0 337 0 0 674 79 0 0 0 0 0 0 0 0 0 590 0 0 513 0 0 0 0 866 0 223 0 0 0 108 0 0 0 0 0 287 0 0 0 0 0 0 0 0 0 0 525 0 0 0 0 0 0 0 0 0 0 0 0 0 
0 282 0 0 0 0 0 894 0 0 0 0 0 0 955 0 0 0 0 0 0 0 0 0 346 0 0 185 0 0 425 0 469 456 0 0 0 0 850 167 646 297 281 184 26 0 0 0 0 981 0 0 0 0 0 98 774 500 0 0 525 0 0 0 0 0 225 9 12 432 807 0 0 796 0 
0 0 0 0 887 0 48 640 0 0 0 975 0 918 573 476 0 0 0 0 0 0 0 0 826 493 0 0 0 691 688 0 0 669 0 21 0 0 0 0 0 0 0 0 0 0 0 0 0 0 0 0 619 0 0 0 0 0 0 0 293 406 0 0 0 990 2 0 0 0 0 0 0 0 0 
0 0 0 808 0 0 0 308 0 0 0 366 0 0 0 0 238 0 0 0 0 0 0 0 0 0 707 0 0 0 0 0 845 0 838 0 0 0 0 0 0 482 0 0 0 0 195 58 0 221 0 0 0 816 0 24 737 779 0 0 628 0 0 206 539 450 0 0 291 731 0 0 0 252 237 
637 0 0 996 0 194 0 0 627 0 0 0 54 0 0 0 0 0 0 0 0 234 0 161 345 709 0 0 0 0 0 0 0 0 430 0 0 0 0 888 0 0 197 0 0 719 0 859 0 0 0 0 0 0 0 0 323 0 0 0 0 687 108 0 0 0 0 270 0 0 0 0 0 0 348 
0 0 410 648 0 0 339 0 0 0 99 0 0 0 0 383 0 969 0 0 0 0 0 0 0 115 0 82 0 0 0 0 0 904 448 54 0 0 192 56 0 633 0 0 813 0 727 218 333 0 0 0 0 0 0 0 0 996 0 0 0 0 804 656 989 301 0 0 0 370 0 0 0 0 402 
635 0 563 0 0 0 652 609 0 0 0 0 0 0 0 0 570 890 0 975 0 183 0 0 0 0 0 700 0 0 0 0 0 0 0 649 780 156 0 961 342 381 174 0 0 0 0 566 0 369 810 0 0 0 0 0 0 460 0 0 0 0 260 478 193 574 949 328 0 310 0 760 0 998 0 
0 0 0 44 183 25 0 593 0 912 0 754 742 0 0 29 0 495 0 0 0 0 0 0 793 0 557 0 0 0 710 0 0 0 477 0 0 417 40 0 5 46 0 705 0 0 733 0 0 0 0 0 0 0 0 0 0 988 0 0 779 0 590 0 0 0 0 792 0 0 216 0 799 0 0 
0 0 351 33 0 13 0 0 937 407 0 0 0 266 0 118 431 0 0 0 916 583 977 0 0 0 0 0 0 0 0 0 0 0 0 124 343 0 0 0 0 0 0 0 0 367 937 0 0 0 0 0 0 0 140 0 0 0 431 0 266 0 0 0 980 0 0 0 0 0 700 0 0 0 990 
0 0 744 0 133 0 0 0 104 0 0 44 0 0 0 0 578 0 0 0 0 762 0 0 376 0 0 0 989 0 0 0 39 0 0 0 0 64 529 0 553 424 0 0 0 613 0 579 0 0 0 0 0 905 413 8 30 0 0 0 0 0 339 0 952 0 0 589 0 276 938 0 0 632 601 
0 0 0 0 0 0 0 887 0 0 0 0 0 0 112 0 0 613 0 0 0 0 0 0 0 886 695 429 999 0 0 84 0 0 0 0 0 0 0 0 904 0 0 0 0 0 0 0 0 713 243 0 0 469 0 587 596 490 0 0 906 0 0 142 0 532 0 0 0 0 0 512 255 0 0 
911 150 0 278 0 0 5 0 631 0 0 0 0 0 0 717 680 0 0 0 0 0 548 0 0 0 829 295 0 0 0 0 0 0 420 0 0 0 0 78 428 0 0 771 0 0 0 0 0 0 948 0 819 0 0 917 0 826 69 0 115 0 0 343 0 0 0 0 0 614 815 656 0 925 498 
0 0 0 0 0 974 0 0 0 0 0 0 965 0 0 0 0 0 0 0 0 0 409 0 0 0 0 0 0 97 0 965 0 545 113 962 219 0 0 644 0 0 0 0 364 0 0 818 711 835 0 0 0 0 0 0 627 0 666 0 0 599 725 773 0 0 173 0 980 526 690 0 551 0 0 
753 0 0 0 518 0 0 883 653 0 0 0 0 0 0 0 0 0 0 0 0 0 44 0 0 491 0 517 0 0 0 0 0 0 0 225 306 0 40 0 103 230 0 0 0 0 0 0 0 730 0 977 256 0 0 0 0 0 0 0 0 502 0 0 0 0 0 0 604 0 0 0 0 0 0 
434 0 0 0 231 0 739 0 0 0 0 0 0 0 822 0 663 0 0 0 879 0 0 0 0 943 0 0 0 0 0 0 0 0 897 871 0 0 673 321 938 0 337 0 0 0 0 514 320 0 0 0 0 0 0 581 880 269 786 0 0 149 0 955 576 849 0 286 0 0 0 643 322 0 0 
0 824 0 0 11 0 620 0 0 121 0 0 213 0 0 801 0 863 0 0 0 0 812 0 0 0 0 732 0 169 0 969 0 288 868 857 352 215 868 0 0 0 33 0 0 662 0 0 0 640 0 0 0 272 0 0 0 683 87 0 0 227 956 462 0 0 0 356 0 0 0 0 688 0 0 
496 532 0 764 0 0 0 0 281 0 0 0 0 637 0 932 0 0 772 0 817 0 0 282 0 0 887 590 0 0 300 94 0 0 0 97 0 398 0 0 0 0 0 0 0 0 0 0 0 0 0 0 345 217 674 350 76 0 0 0 0 0 518 0 866 0 442 0 0 726 0 0 0 580 0 
926 0 228 0 394 0 367 153 0 0 0 178 281 217 0 0 701 0 488 0 0 0 215 0 692 438 720 551 0 0 173 0 0 0 556 0 0 0 229 881 0 318 0 991 0 0 0 0 58 0 0 504 795 0 0 0 0 0 0 36 0 8 0 0 901 0 0 0 0 0 0 0 818 95 0 
0 0 0 0 0 0 853 0 0 0 0 0 0 0 0 475 291 581 0 904 146 0 122 0 829 0 0 0 0 0 643 983 0 32 0 552 0 473 252 504 0 577 452 102 0 472 0 0 990 0 0 0 0 0 0 0 0 0 0 0 0 311 0 0 961 78 498 566 0 248 0 176 0 0 0 
0 0 0 0 0 0 0 0 0 0 715 615 0 430 34 0 887 780 0 247 0 622 0 0 0 0 0 272 0 0 725 0 0 0 0 0 0 0 89 0 0 40 546 0 17 608 0 0 546 0 315 778 807 0 398 832 0 89 0 3 0 0 0 832 967 876 0 0 596 0 0 0 0 0 0 
0 0 0 0 0 0 66 0 0 0 372 940 0 351 0 281 0 0 0 0 0 0 0 0 0 0 65 0 0 807 713 0 0 0 0 601 0 0 0 0 966 260 0 477 0 358 0 765 0 869 0 770 0 0 0 0 0 0 25 996 303 0 552 935 230 0 313 0 0 0 155 705 0 546 0 
0 0 0 0 0 0 0 841 912 0 0 0 663 567 0 0 0 0 388 0 692 2 0 832 0 449 0 0 0 709 177 232 0 0 0 0 0 0 202 0 309 908 0 596 0 0 0 0 0 0 0 0 642 367 480 0 0 0 827 574 0 0 0 0 0 895 0 0 0 0 0 0 0 0 0 
818 320 0 195 0 433 0 962 0 468 924 0 0 0 945 3 790 0 922 732 0 91 0 999 214 0 0 0 303 311 637 201 555 56 742 0 0 0 0 0 0 0 120 0 619 684 924 0 624 490 0 0 0 0 457 41 0 0 264 0 0 0 0 597 856 50 0 731 558 378 0 47 0 0 0 
429 89 0 0 542 55 0 0 0 0 0 0 0 0 0 0 924 559 0 19 0 0 984 0 0 0 0 0 0 0 0 0 0 955 0 530 0 610 0 0 0 0 0 583 0 441 197 11 882 0 0 0 0 531 269 0 0 0 0 0 430 41 0 531 0 265 0 0 0 619 0 0 0 0 995 
0 0 0 723 845 677 0 155 799 0 306 0 169 183 0 0 0 276 0 0 215 0 0 41 0 0 389 0 0 944 222 0 151 147 0 0 210 213 434 701 0 0 198 0 292 0 431 0 212 377 176 0 731 848 157 0 0 192 0 0 0 0 0 0 0 0 0 0 0 192 0 0 0 973 0 
272 393 116 0 151 0 891 0 911 0 161 0 899 890 863 122 0 0 916 0 0 0 0 0 0 0 0 0 0 381 0 618 0 0 0 0 546 0 0 0 0 0 93 0 0 0 0 0 680 0 990 0 305 106 101 881 744 0 0 366 0 995 0 475 234 154 0 507 0 0 0 0 769 0 122 
0 0 0 0 0 0 0 0 0 0 0 966 0 0 0 0 0 435 0 0 0 0 0 0 0 0 0 0 0 0 0 0 0 0 0 781 0 993 0 992 0 449 0 0 0 548 718 254 0 0 0 0 0 0 0 0 0 0 0 0 923 931 0 700 0 283 0 0 0 454 782 190 534 0 0 
0 0 0 0 0 0 458 0 0 683 295 0 0 0 0 0 0 0 0 650 0 0 0 588 0 373 0 577 0 159 0 0 0 0 0 0 0 879 833 317 0 0 0 0 0 920 0 0 0 0 0 0 0 0 0 819 0 0 0 432 0 0 0 0 0 0 0 0 801 721 0 0 0 873 0 
0 0 0 0 0 0 561 0 527 0 0 140 572 0 0 0 525 0 0 0 0 532 0 0 383 0 539 0 0 719 0 0 877 0 0 0 0 948 0 0 0 355 0 0 0 44 440 0 843 0 838 0 564 849 923 0 0 0 0 0 66 697 0 0 832 0 584 760 584 355 0 0 0 220 720 
0 0 452 556 0 0 0 0 0 171 0 0 0 0 0 109 0 747 0 136 0 0 0 0 186 0 0 243 0 0 0 0 0 0 879 0 0 535 0 0 677 0 0 0 0 0 0 0 0 0 262 0 0 0 612 0 0 0 956 0 270 0 0 0 0 0 735 273 0 0 0 0 0 0 547 
365 595 0 0 0 978 595 436 0 0 0 0 0 381 0 437 0 0 528 0 0 428 0 0 0 0 630 0 0 0 0 0 0 0 842 0 0 0 0 0 0 358 0 0 0 0 0 0 0 0 0 980 0 677 0 0 596 755 0 793 785 0 0 0 0 0 0 0 0 751 652 0 321 0 335 
0 344 0 0 725 0 0 892 0 0 855 0 0 593 0 0 0 0 618 0 0 0 0 488 0 0 0 0 0 0 161 50 0 49 0 0 0 961 230 0 0 0 271 711 0 0 0 0 0 0 700 0 0 986 0 876 0 0 0 0 260 0 482 253 75 889 357 0 0 0 844 728 0 982 0 
0 0 979 0 0 844 758 835 184 0 320 261 0 0 422 550 0 902 685 0 0 635 0 0 0 0 0 0 0 893 0 0 0 0 263 0 0 0 951 58 637 0 0 0 0 0 0 0 0 0 0 858 197 217 0 920 0 0 21 756 0 0 179 0 0 500 0 789 680 0 0 0 0 925 661 
0 902 0 888 0 674 0 0 0 0 0 0 31 0 0 0 0 0 0 0 819 0 0 0 0 0 0 146 42 0 0 0 0 0 103 836 0 0 0 524 844 0 0 400 0 0 724 983 0 582 0 0 0 0 849 0 857 219 608 157 0 92 0 862 61 0 0 803 0 357 32 0 0 580 0 
623 0 0 320 0 0 0 0 0 0 0 0 0 0 0 171 364 700 804 807 0 0 300 0 0 0 0 0 0 0 0 0 0 879 0 409 419 0 0 0 0 0 50 0 0 0 0 710 0 0 0 142 0 0 695 0 0 0 0 0 0 0 0 761 0 0 0 594 0 0 803 0 0 0 64 
217 0 0 0 0 0 0 0 0 65 343 0 0 0 0 699 0 0 0 0 342 315 0 728 0 0 0 0 0 0 869 0 937 579 0 0 0 119 0 0 87 0 0 0 0 108 386 0 0 0 379 730 843 0 0 0 0 0 890 0 706 587 0 0 244 745 0 869 0 563 0 0 0 0 159 
0 0 0 0 0 0 0 0 0 0 0 968 0 0 0 0 0 0 0 33 0 0 527 0 0 190 590 0 0 0 0 0 0 0 0 401 0 101 0 0 0 0 0 419 711 0 0 157 0 285 288 0 0 930 0 95 0 0 892 0 0 0 555 99 947 0 0 0 0 0 0 0 693 0 0 
499 0 433 0 0 0 341 0 0 0 0 0 153 0 0 0 0 0 483 0 0 949 0 0 0 0 0 0 0 677 870 0 0 0 0 964 71 695 0 0 0 0 0 0 0 0 0 0 0 0 0 0 0 0 272 566 956 0 0 0 466 0 0 0 486 0 0 0 0 550 0 0 0 0 0 
0 78 622 315 0 130 474 0 874 0 0 0 0 0 0 174 0 801 0 0 0 0 0 0 0 183 0 0 0 345 0 425 193 0 0 621 198 0 0 0 0 0 264 209 0 0 588 0 0 950 881 293 79 0 909 0 908 0 322 400 557 624 0 0 0 727 371 298 0 297 0 0 0 0 0 
0 0 265 0 0 0 0 0 0 0 0 629 0 0 0 944 863 0 0 520 855 635 0 0 0 0 0 0 0 0 0 966 0 920 0 0 0 0 876 740 0 0 0 0 943 0 0 806 931 983 408 0 40 0 0 0 0 0 0 0 0 0 0 341 963 0 0 342 133 0 0 0 860 0 0 
0 0 0 0 0 0 0 0 0 0 869 0 0 832 0 0 552 0 0 0 0 0 600 188 0 0 0 947 0 0 994 0 0 0 0 0 678 141 0 0 0 0 0 0 628 0 0 0 85 401 322 829 0 0 0 0 0 621 0 0 0 0 0 270 0 281 0 0 0 0 0 0 0 0 0 
0 0 0 123 567 395 792 254 0 745 59 411 144 0 0 0 0 0 0 0 0 0 540 644 0 149 0 956 445 0 0 0 0 0 0 784 486 0 0 0 0 0 0 0 0 0 0 587 0 0 243 283 0 0 242 0 0 0 0 0 346 0 0 0 0 198 0 479 0 795 164 0 519 0 614 
0 0 0 0 0 646 773 920 0 0 0 0 0 0 0 0 305 0 0 0 0 0 241 871 0 227 54 0 0 0 0 0 0 0 195 0 17 756 764 0 0 0 0 0 623 0 0 920 206 0 0 22 0 161 0 0 433 223 0 0 0 0 0 0 0 0 0 0 0 0 299 616 954 0 0 
311 0 0 976 0 178 279 0 519 226 635 0 535 193 0 0 0 0 0 658 0 0 0 0 0 506 0 0 77 0 362 0 0 923 0 0 0 211 0 57 888 0 0 0 0 0 0 680 0 381 0 0 628 0 0 0 0 0 0 0 488 0 504 0 0 0 0 0 0 410 0 322 0 0 0 
0 0 0 0 860 654 0 0 0 766 0 0 0 0 974 0 252 579 0 0 627 0 0 0 561 0 0 163 983 0 0 935 0 0 0 0 0 0 451 0 0 410 0 0 135 364 0 0 504 0 0 0 0 0 312 0 0 0 0 0 168 0 935 0 782 0 0 275 0 676 0 0 0 0 539 
737 121 0 0 0 0 54 0 0 0 0 0 0 440 0 0 780 0 0 623 544 0 0 678 498 0 0 0 245 0 759 279 0 301 0 817 841 0 0 0 0 0 0 401 0 0 0 311 0 0 0 211 0 661 0 561 0 284 271 876 0 716 529 0 0 370 371 0 0 0 0 103 0 0 811 
528 811 0 0 642 258 0 538 0 0 0 0 0 462 0 162 0 0 36 0 0 0 0 0 0 0 59 127 0 0 0 0 0 0 830 586 0 0 0 0 0 0 0 0 0 494 0 0 0 0 0 0 510 726 0 0 0 0 713 419 0 0 0 0 0 0 210 0 0 0 0 0 0 992 0 
0 0 0 541 0 356 0 0 971 0 232 0 0 920 0 0 0 0 51 0 176 0 0 0 669 0 241 0 611 0 93 0 0 0 0 0 0 0 652 0 0 380 0 759 0 0 0 0 0 0 0 0 422 0 0 838 0 0 0 711 0 0 0 0 0 0 7 602 0 0 118 0 304 0 0 
0 0 0 0 934 0 0 24 171 506 0 0 0 901 0 0 0 183 0 0 697 376 0 421 0 0 0 490 0 0 0 0 819 0 0 693 0 0 0 0 413 0 605 0 0 0 0 0 0 0 0 0 0 0 0 0 268 0 156 275 0 0 0 0 0 0 0 808 779 101 0 0 690 0 0 
0 0 0 0 0 0 0 638 0 0 0 657 654 0 0 0 0 0 0 97 474 174 0 62 403 806 0 0 226 233 295 75 0 0 655 0 128 169 0 0 166 0 0 0 427 0 0 0 0 551 0 0 0 0 0 0 0 0 0 53 789 0 0 0 0 613 0 179 0 0 0 0 0 0 0 
0 0 878 146 0 0 620 0 0 0 0 0 785 0 0 334 291 0 10 0 0 0 0 0 886 0 0 0 616 0 0 0 656 0 799 0 0 0 0 0 0 0 0 845 0 533 0 0 0 0 2 0 0 0 430 0 0 0 458 0 0 0 0 0 0 0 0 0 188 777 0 223 0 0 0 
0 857 0 0 0 0 0 0 0 0 967 0 0 0 0 0 0 0 0 0 965 0 0 0 591 0 613 0 0 0 410 0 0 857 0 551 0 0 71 0 0 199 0 0 0 0 350 814 413 0 0 0 417 0 0 0 0 0 475 0 0 820 467 0 0 0 0 0 0 0 0 0 455 115 0 
0 0 0 682 0 464 0 0 65 740 0 0 0 0 0 33 0 0 0 0 880 672 0 0 555 0 505 519 0 20 216 0 732 670 0 0 0 0 0 0 440 0 179 0 643 299 990 0 0 90 0 0 0 893 635 0 0 0 892 0 0 0 999 0 0 0 0 547 0 0 0 0 220 0 161 
0 0 0 978 0 619 0 0 0 0 0 0 0 0 0 469 0 755 0 0 0 724 725 0 0 824 0 498 0 765 0 0 0 884 0 321 385 398 0 520 831 774 0 0 0 0 0 0 0 917 673 0 0 0 421 0 0 0 201 0 0 0 156 0 852 0 0 231 369 0 0 0 0 0 219 
942 0 748 0 374 311 0 0 0 0 0 0 934 0 0 0 0 0 159 0 0 0 0 101 0 715 64 0 0 659 0 0 211 0 0 0 437 684 0 0 0 399 0 0 0 0 0 291 179 0 33 144 0 0 675 0 0 0 0 0 0 0 0 0 0 0 364 0 0 0 0 239 0 148 251 
0 0 370 0 679 0 0 291 0 0 0 0 0 0 560 0 365 0 525 0 142 0 0 640 0 701 0 0 0 0 790 534 0 455 0 0 0 353 0 0 658 0 0 764 0 105 462 0 0 0 351 0 0 984 0 0 0 0 0 0 45 0 336 0 0 0 524 0 0 893 503 0 345 527 0 
0 0 698 0 238 0 601 0 0 710 741 742 0 537 0 917 0 0 965 0 0 0 0 0 0 0 0 0 0 0 111 0 0 0 947 474 0 0 0 0 408 0 0 0 0 943 864 0 376 859 0 0 696 120 0 0 623 0 0 0 0 0 0 0 0 0 0 0 0 492 256 0 709 36 0 
0 200 0 0 0 0 0 0 0 939 0 0 0 0 0 0 0 0 0 0 686 768 0 424 0 0 653 0 0 0 0 150 938 0 0 0 571 388 0 0 0 0 0 499 406 77 0 367 0 0 64 0 0 0 0 0 0 0 0 153 0 0 794 503 0 0 0 164 0 0 0 145 781 0 0 
0 374 0 401 0 0 0 0 0 824 519 0 184 0 391 0 0 753 308 436 482 921 0 0 248 0 0 0 0 0 524 570 0 926 0 0 0 397 0 204 383 0 0 200 0 52 0 0 366 0 0 904 200 0 0 0 0 0 0 297 27 0 494 0 0 931 0 0 0 0 0 922 0 298 0 
0 147 0 0 784 0 0 0 557 838 0 0 305 0 0 0 0 0 0 273 0 786 0 0 0 0 0 463 0 545 0 0 0 0 30 0 0 0 0 0 0 0 96 997 0 0 383 0 0 0 0 0 506 0 0 0 0 245 561 0 0 0 0 0 0 0 0 513 0 0 895 0 0 0 0 
0 742 698 894 0 0 757 0 806 0 0 363 0 0 0 0 0 0 741 455 0 0 689 0 0 0 0 0 641 344 254 256 0 0 125 0 0 809 201 451 0 0 0 452 0 0 0 0 0 0 547 611 0 0 0 0 0 0 0 0 911 455 258 0 855 0 446 326 0 0 0 0 703 0 302 
186 0 374 0 24 877 0 0 0 668 0 0 0 0 17 802 0 0 0 684 0 0 0 0 0 927 0 344 410 0 0 0 0 681 0 0 0 0 0 0 233 161 537 88 0 0 940 0 0 847 0 0 243 186 0 328 153 0 0 358 0 0 902 0 0 983 204 0 0 0 0 244 0 0 0 
969 0 0 0 458 137 0 0 307 740 0 524 0 0 0 553 0 0 0 0 0 843 0 107 0 0 0 0 0 0 0 0 0 164 0 615 896 715 0 0 0 0 865 0 165 0 0 0 0 0 0 0 103 0 0 0 935 585 822 0 0 0 0 0 0 0 839 0 0 402 749 0 0 309 0 
0 0 0 993 476 248 0 0 0 0 595 0 0 0 41 0 0 0 0 299 0 677 115 0 0 0 0 0 159 0 985 0 0 0 0 0 0 0 0 932 0 0 0 0 0 0 0 0 0 632 25 484 719 329 0 263 0 629 0 191 0 0 184 0 0 0 0 0 0 0 0 0 0 0 157 
901 507 385 0 0 820 313 0 937 560 0 723 100 0 974 0 0 127 0 0 641 0 104 959 0 425 220 0 406 0 575 131 0 0 0 0 0 0 0 0 220 538 0 0 0 0 0 0 278 348 524 0 0 923 0 855 0 0 690 0 0 0 789 184 0 0 40 0 0 0 0 0 0 477 647 
0 0 403 0 348 0 0 0 0 0 0 0 0 0 0 0 0 0 156 0 0 141 171 305 332 811 158 34 535 0 442 0 0 326 0 921 1000 0 0 911 0 435 0 0 0 0 0 570 75 513 473 573 787 0 0 0 376 896 665 0 0 0 0 0 0 0 0 0 0 0 0 0 109 0 448 
0 596 59 734 0 0 0 0 0 379 0 0 0 0 0 0 195 0 17 81 0 0 809 0 0 744 0 0 210 102 0 0 0 0 728 973 0 0 0 0 0 311 0 106 0 0 0 875 250 0 565 440 0 0 0 363 0 450 984 0 0 0 0 0 0 473 0 0 850 0 0 0 0 854 0 
31 809 0 857 538 122 0 0 0 809 0 0 355 0 0 450 0 196 0 0 0 0 690 0 140 0 0 802 553 0 0 0 0 0 130 0 0 896 365 0 468 787 855 622 0 423 0 0 0 0 0 30 0 0 0 0 0 74 592 0 594 0 0 756 342 0 0 0 0 337 0 0 596 0 0 
0 0 609 0 707 0 0 0 528 0 920 0 0 0 912 224 0 0 0 0 0 806 0 0 0 323 0 0 0 844 0 0 0 0 0 0 0 0 0 298 0 0 70 0 0 838 0 0 104 519 7 0 271 296 0 389 53 0 0 620 0 0 0 920 0 0 766 0 0 0 0 0 619 0 0 
0 0 91 0 0 0 0 0 0 709 0 0 0 0 93 0 178 773 0 432 0 0 0 0 29 0 0 0 540 0 0 0 898 0 0 635 0 327 0 0 0 0 0 0 370 44 36 0 917 0 221 0 0 0 0 0 97 171 739 0 0 0 0 372 0 0 0 801 0 0 763 696 0 0 0 
0 783 0 0 0 0 0 464 61 0 0 360 0 0 873 689 884 0 0 177 0 192 771 401 228 236 0 0 96 0 0 0 0 0 940 0 0 927 0 0 0 0 273 649 0 0 73 0 737 156 0 0 817 0 584 0 0 0 105 0 0 801 0 0 0 981 0 78 0 0 652 0 719 0 0 
0 0 0 0 0 0 0 807 0 0 0 0 353 0 47 543 552 358 0 0 0 455 0 0 0 957 0 0 614 0 0 305 594 768 0 154 0 875 0 0 0 0 0 767 0 0 343 0 719 0 450 0 852 0 0 0 0 0 0 0 833 507 0 0 0 986 0 274 0 0 0 0 0 0 0 
